34 1111
30 1110
39 1101
55 11001
90 110001
53 1100001
152 11000001
122 11000000
42 10111
100 10110
89 10101
97 101001
25 101000
6 100111
63 100110
113 10010
31 1000
78 011111
131 0111101
154 0111100
28 01110
15 011011
64 011010
126 01100
91 010111
255 010110
29 01010
108 010011
125 010010
94 010001
72 010000
41 001111
68 001110
119 001101
73 0011001
124 0011000
138 00101
109 001001
93 001000
143 0001111
133 0001110
74 000110
49 00010
139 000011
43 0000101
105 0000100
115 00000
114 111111
88 111110
62 111101
14 111100
111 11101
54 1110011
69 11100101
40 11100100
38 111000
120 110111
24 110110
84 110101
46 110100
26 1100111
95 1100110
102 110010
56 110001
36 110000
136 10111111
145 10111110111111
160 1011111011111011
163 1011111011111010
157 1011111011111001
165 101111101111100011
168 1011111011111000101
20 10111110111110001001
86 10111110111110001000
150 10111110111110000
35 10111110111101
147 10111110111100
149 10111110111011
3 1011111011101011
17 1011111011101010
151 101111101110100
162 101111101110011
177 10111110111001011
175 101111101110010101
180 101111101110010100
19 1011111011100100
71 10111110111000
129 1011111011011
144 10111110110101
7 10111110110100
67 10111110110011
140 10111110110010
156 101111101100011
164 10111110110001011
158 101111101100010101
173 1011111011000101001
45 101111101100010100011
187 101111101100010100010
181 101111101100010100001
174 1011111011000101000001
178 10111110110001010000001
192 1011111011000101000000011
195 10111110110001010000000101
201 1011111011000101000000010011
199 10111110110001010000000100101
203 10111110110001010000000100100
196 1011111011000101000000010001
205 10111110110001010000000100001
204 10111110110001010000000100000
1 101111101100010100000000
171 1011111011000100111
47 101111101100010011011111
98 101111101100010011011110
191 10111110110001001101110
193 10111110110001001101101
197 101111101100010011011001
212 101111101100010011011000111
208 101111101100010011011000110
209 101111101100010011011000101
210 1011111011000100110110001001
214 10111110110001001101100010001
215 101111101100010011011000100001
219 101111101100010011011000100000
202 101111101100010011011000011
206 1011111011000100110110000101
207 10111110110001001101100001001
211 10111110110001001101100001000
198 10111110110001001101100000
188 10111110110001001101011
4 101111101100010011010101
10 101111101100010011010100
172 1011111011000100110100
183 10111110110001001100111
185 10111110110001001100110
184 10111110110001001100101
189 101111101100010011001001
182 1011111011000100110010001
186 10111110110001001100100001
190 101111101100010011001000001
194 1011111011000100110010000001
220 101111101100010011001000000011111
216 101111101100010011001000000011110
217 101111101100010011001000000011101
5 1011111011000100110010000000111001
12 1011111011000100110010000000111000
213 10111110110001001100100000001101
218 1011111011000100110010000000110011
226 101111101100010011001000000011001011
234 10111110110001001100100000001100101011
13 10111110110001001100100000001100101010111111
59 10111110110001001100100000001100101010111110
61 10111110110001001100100000001100101010111101
251 10111110110001001100100000001100101010111100
247 1011111011000100110010000000110010101011101
253 10111110110001001100100000001100101010111001
254 10111110110001001100100000001100101010111000
244 10111110110001001100100000001100101010110
240 1011111011000100110010000000110010101010
112 101111101100010011001000000011001010100
231 101111101100010011001000000011001010011
235 101111101100010011001000000011001010010
232 10111110110001001100100000001100101000
223 1011111011000100110010000000110010011
227 1011111011000100110010000000110010010
224 101111101100010011001000000011001000
221 1011111011000100110010000000110001
225 101111101100010011001000000011000011
229 1011111011000100110010000000110000101
233 10111110110001001100100000001100001001
237 101111101100010011001000000011000010001
249 1011111011000100110010000000110000100001111
250 1011111011000100110010000000110000100001110
60 101111101100010011001000000011000010000110
243 101111101100010011001000000011000010000101
245 101111101100010011001000000011000010000100
239 10111110110001001100100000001100001000001
241 10111110110001001100100000001100001000000
228 1011111011000100110010000000110000011
236 101111101100010011001000000011000001011
238 1011111011000100110010000000110000010101
242 10111110110001001100100000001100000101001
246 101111101100010011001000000011000001010001
0 101111101100010011001000000011000001010000111
2 101111101100010011001000000011000001010000110
252 10111110110001001100100000001100000101000010
248 1011111011000100110010000000110000010100000
230 10111110110001001100100000001100000100
222 101111101100010011001000000011000000
23 101111101100010011001000000010
200 10111110110001001100100000000
176 101111101100010011000
167 1011111011000100101
169 1011111011000100100
161 10111110110001000
153 101111101100001
77 1011111011000001
155 1011111011000000
179 1011111010
170 101111100
70 1011110
141 101110
135 10110
50 101011
82 1010101
159 10101001
110 10101000
81 10100
137 100111
44 1001101
16 1001100
57 100101
65 100100
76 100011
22 100010
80 10000
27 011111
134 011110
166 01110111
48 01110110
116 0111010
21 011100
58 011011
75 011010
123 01100
132 0101111
96 0101110
101 010110
121 0101011
127 0101010
148 01010011
18 01010010
99 0101000
92 010011
104 010010
33 01000
117 0011111
142 00111101
106 00111100
87 001110
107 00110111
51 00110110
66 0011010
85 001100
8 00101
130 00100
32 00011
9 00010
146 0000111
79 00001101
103 00001100
11 000010
83 00000111
37 00000110
128 0000010
52 0000001
118 0000000
